9198
7562
656
196
3960
4840
11586
8214
12092
8136
2772
10072
10604
7738
9126
10904
12128
5760
2158
494
11938
9356
7410
6070
618
1780
12316
1010
11438
5058
76
1604
1944
3752
7710
4666
8326
10128
10952
2816
6110
4632
9664
9632
8466
4676
792
11390
7610
8256
1950
6498
6770
6896
66
11642
7220
3834
9666
10980
6772
4588
3626
1072
64
2238
4170
9264
8732
286
4788
1198
9270
1438
3366
5094
1648
1244
3328
444
12342
7052
6788
6516
6440
6230
8330
5012
5400
4102
368
5066
4484
12050
9492
10558
11298
1706
9478
5118
4868
5774
5130
12178
3888
8202
11480
3900
7320
10348
6438
11732
5580
12360
3254
1402
10106
182
244
11994
704
11460
7018
3844
11672
4474
5602
5396
5660
4212
9072
5806
5676
8406
12116
4200
11358
3730
174
10608
12346
8604
5190
11622
6592
1908
7668
34
1032
4646
9504
10880
3736
3158
946
6362
10766
4116
4904
9808
9782
9464
2912
11516
3982
480
1008
5024
12112
7372
12340
2598
1840
8428
4220
6480
12368
1994
12434
6050
988
2916
22
6390
8368
2290
226
5582
4882
614
10538
8522
6076
8550
1772
7686
7830
10518
10824
7336
6856
6092
2018
8416
74
8624
11748
7516
2336
4854
5448
9674
6962
4910
9924
9376
898
5086
7778
4174
7814
9662
2556
11448
11606
770
3766
4198
424
9598
5070
4988
4132
1314
3178
7206
1382
2076
5814
3682
5636
4064
866
8902
8952
2580
4590
10704
8910
2080
2952
4682
8918
12200
12394
364
11676
4652
4952
2160
8542
8942
11488
11804
4018
2852
1446
7928
9740
10882
11726
2114
11640
11712
2166
10872
8592
4852
11356
2786
10934
1374
11202
3384
5810
9602
10634
9470
4268
6512
2078
8546
6764
504
3620
1970
5014
4970
7120
5926
5470
3946
12254
1284
88
5172
3036
9172
7798
11596
8608
2386
11174
2224
326
5896
7080
1560
6292
1162
1354
7864
2770
3772
1934
3574
5002
7692
4110
666
11758
9084
10172
12370
6994
7158
1154
5560
5796
6012
702
6280
10686
4414
5818
2420
8156
12338
3838
7016
1554
5812
5974
3428
11598
8822
12004
8916
4078
594
7384
3854
4480
764
4448
1532
2382
6796
7732
9568
4890
9896
9038
5936
8894
4270
6504
36
640
7670
904
10116
264
10586
2404
3462
4940
12164
5068
5106
3482
298
10204
1390
4106
1514
5654
2152
6768
62
11970
9570
8804
8674
12226
2230
1790
9862
10578
2872
11090
3510
8932
6706
4508
10144
11372
6570
9164
6692
10210
10356
9190
4832
10002
9308
6132
5830
5016
8132
8558
5852
4134
10232
10076
3044
9030
472
6256
8926
4580
1412
1844
1006
10978
8568
6652
2812
2918
10154
7870
6334
5316
5338
7446
4346
8374
5904
554
6392
10000
5488
6052
10242
4556
5244
880
912
4066
5288
10370
9472
10148
1142
3552
6488
11416
3762
9988
4500
3194
12194
11026
7406
10866
3480
8376
7994
5484
8690
3132
3440
664
5108
248
6482
6060
7566
3220
5054
9284
2304
6808
7396
11620
9964
3942
5658
4702
668
9258
2412
1898
736
10220
8858
4182
1948
3152
6842
2754
4574
5374
6696
9942
6302
2366
3496
558
12122
9136
2648
198
7266
4822
10018
8658
10810
10296
9774
896
11978
4084
4274
11754
8392
3694
3990
3674
8626
11198
12068
11018
3338
1014
8612
8134
9992
6428
6186
1744
3544
1280
4374
7294
12246
2014
892
2028
10644
2656
3452
476
1920
1070
2092
7642
342
5158
1624
5672
9778
2392
3412
9288
11082
7434
434
11852
5152
5154
10554
10876
4834
7318
1576
6976
5404
328
1506
9930
4356
10120
10442
11916
7000
6168
3822
4936
5684
4402
5754
11472
9022
11554
1496
3418
538
8204
2102
10360
6028
7742
3426
6558
7078
11654
11154
4010
962
5268
9160
1474
11856
5724
10528
390
4310
5350
4514
10306
2582
9214
4142
11522
10642
4956
1048
10424
11190
6778
12288
3430
806
12298
6894
10428
804
10982
2134
2692
7988
11316
5978
5464
7836
2950
290
652
8980
2630
5944
8006
2980
6792
1344
11508
10540
6738
6734
6958
8660
11184
11860
3782
11866
8444
5362
11226
8112
5622
10292
5704
12322
1910
4804
6520
6144
9300
720
810
10792
9048
12382
4406
9290
7310
9658
6956
10842
6888
2508
6726
4000
3446
10624
7036
5770
8968
6782
12282
2040
1248
1260
9700
8190
1522
9456
11936
4074
7978
1140
1290
5584
2992
4752
9798
10758
7368
7774
11614
10358
9328
8514
11314
7298
7334
11536
6352
10088
10110
10446
534
3726
7156
4532
7992
5196
2664
5870
8619
7327
3007
1265
6789
1485
3065
3809
9131
11589
8503
10215
7473
12105
2889
10177
11115
5293
2765
9055
5011
8667
1195
11971
4731
1937
6665
2281
4967
11999
1047
1365
1473
9547
9023
3333
9397
1561
11491
4269
2409
1865
10143
9709
3945
2499
8121
615
2129
1987
10225
5609
6431
6667
3531
8005
8977
2879
1157
1241
5097
7279
517
10081
5015
5283
9639
10129
5889
5695
103
9961
11007
7683
7219
6527
4675
5569
2697
8259
3677
9537
2759
7575
5271
7707
8585
1641
2199
7141
2321
10701
1417
4331
3245
1903
12077
5231
3781
19
3083
10029
225
7877
6237
12113
4383
7903
2267
6515
12161
7703
2737
5003
6343
883
2447
731
11907
6083
611
589
11607
5105
553
1695
2059
11645
2367
12291
9691
267
12379
8627
6819
1905
109
7595
6779
7013
7249
8013
10719
12171
3043
1831
6739
15
7789
12425
5523
7711
719
6383
5613
10061
11641
1419
6799
4295
10109
11189
5229
5663
9281
2159
2575
2039
11793
11207
8217
11359
6599
1855
8169
1911
6323
10249
3115
187
3175
10819
5165
9167
5875
693
3395
251
8031
6415
8093
5291
5269
107
1257
4769
2363
2337
385
591
2019
859
7805
7603
133
6137
3191
4427
4261
4265
9705
3303
12119
4929
5287
2045
10051
9471
3085
6311
5405
10999
5865
1511
4561
2225
6839
1851
9057
12059
1141
8975
11279
11573
1685
7177
4159
6195
11959
839
245
1023
11097
2903
10657
2747
4641
1535
3277
10327
4123
9749
3647
11179
8885
3745
1297
11911
11697
9935
2309
9591
2683
8529
4049
2549
10005
6593
4935
5211
9773
503
5509
9407
8215
12069
75
5537
8901
3943
2407
12021
735
11299
7695
7099
8587
2029
4067
3999
10023
8989
11247
9491
6947
7333
10873
705
6999
703
3529
9819
2123
8417
6703
379
10239
2283
7407
5217
2881
3369
7361
8711
6287
4857
3197
8149
8053
923
10973
1599
5423
7441
4169
12143
1287
4747
7951
4221
2301
5867
41
4715
8137
3709
1333
12033
7451
6099
2263
1027
4425
5487
11043
3255
10153
6603
12293
11245
9671
8721
3501
4965
4101
1407
3975
10695
8687
1475
3867
10715
9327
4247
10377
11769
9523
3441
10857
3229
6219
1975
2193
4031
3849
6477
3727
8481
9297
2609
2885
8751
8461
6233
10099
5403
5631
6639
5565
2691
6225
605
1833
2883
1339
4335
10209
803
10821
9077
6563
11541
6751
4065
12047
11889
2629
647
8779
5851
2793
2339
9701
11783
6165
3213
8703
7445
93
9707
7041
9005
4579
5781
1399
11117
1571
3021
6095
6155
1499
5547
497
10201
8355
2589
9893
9449
3565
2271
3639
4459
2533
10357
9825
1601
767
9875
6071
5315
857
9465
10043
3997
8409
9045
10685
643
1229
11861
1075
5731
2725
4503
415
1857
5065
7223
10497
12011
5665
4727
12061
10013
3965
6349
4911
4673
5701
2475
6659
1803
2187
3921
5029
1367
10867
3563
11513
663
2579
11765
1091
7433
533
2361
6843
6063
11301
6247
4839
5717
12079
6243
5949
5725
11681
2839
947
3875
8171
3913
12051
3151
3829
7781
9535
7437
9921
6849
7669
5843
11737
11923
2939
1921
3259
4415
10015
7977
10869
6229
2981
9963
10681
7597
8237
2801
7321
6683
763
8903
7671
9157
2993
4323
10983
5447
6453
8933
4837
4945
11635
11081
197
8227
9415
7243
6541
9977
11755
5381
5581
229
11723
4553
77
8271
691
765
2815
10017
3777
7161
10403
205
2291
9995
4467
3595
11229
10021
3927
3317
2477
321
7025
12169
10631
2649
11459
2751
7539
2453
1125
10537
4011
12261
11969
9433
4959
7883
5583
10455
3415
5205
10921
10817
1021
6345
869
5323
7965
2461
11501
5127
7949
4751
1725
319
2913
9811
4621
12413
9477
12073
5419
801
921
1787
3669
1591
11409
8547
1543
3131
10691
5121
1595
6951
2047
1799
10639
8541
11813
21
1691
3221
7033
8337
4591
2641
5941
3517
4563
1271
2657
11981
6169
1577
4777
2371
11407
925
3903
6433
6969
4339
5249
3803
7743
3207
4275
9221
823
10231
11141
2633
3199
6545
9231
5711
2743
9257
10581
4253
4359
3373
4523
10417
1493
11313
2347
11633
4035
203
11239
545
29
6175
1489
5629
2127
6707
9513
3923
12363
1735
6425
10139
12263
1083
9215
11523
8557
9849
2841
10529
7975
9365
10191
265
9069
3347
4977
11919
10087
8391
10663
8211
601
465
6231
301
8791
11221
5917
5687
669
3457
7071
10971
5539
4803
10353
3887
10311
2021
1355
2105
1431
10825
5551
8715
10291
6051
5973
8581
9413
4021
