9776
7776
10500
2636
12186
5126
10628
2052
11644
1148
236
8876
9044
5200
8986
10974
6762
3304
3348
2962
32
948
6910
9616
7650
11668
568
9708
10346
3454
11040
3646
11662
12120
10672
2234
5862
11682
6020
8020
7290
8098
10004
7620
10104
4036
5358
8398
5454
7114
976
7838
4562
744
3514
2216
3850
11790
8532
4622
1206
1646
12386
6006
1932
4726
482
7926
1670
3414
9748
1748
12328
10174
12146
9026
10414
3180
2004
2016
7706
2124
4254
6610
8908
3106
478
9070
10184
5854
638
1088
4130
9514
12350
7820
7418
370
7254
5122
8212
2932
6078
6318
7236
2298
9940
7042
1372
6590
54
2398
6014
4100
9250
7892
2660
2846
5328
6728
3966
12270
7422
4600
9526
2844
4624
1426
4016
5762
9310
9350
7646
9490
8302
2182
9102
10324
1454
2798
4384
4172
3244
8024
7260
9220
9462
1556
12142
7264
12352
8516
2306
9772
2062
8292
10096
10588
10602
4364
12054
8010
12024
6946
11052
11476
8018
6120
9128
9572
11772
10688
7364
5230
5040
9770
2712
3022
4892
114
2462
8950
4136
3006
118
1350
4302
134
6002
5416
3508
10248
468
7428
11420
8510
1594
7932
4932
1468
6878
1984
10916
1452
3906
1106
9874
4876
80
4888
550
9378
7946
9926
1680
8182
9332
8830
542
3944
8808
2476
9256
7684
4982
4684
3356
1966
7380
5674
1298
1828
160
6114
12086
6240
1702
1394
8762
3500
6278
10814
8584
2310
7200
2330
8710
5074
5960
6402
1518
7844
5522
6944
1810
3908
5800
4164
9494
3332
1816
9162
11306
3970
1056
11162
10382
4042
7238
11986
6948
2824
8178
2942
430
9556
11692
698
3784
9506
12252
4926
7594
202
8990
2288
10770
9948
4026
7602
6660
4520
4030
6412
596
10368
2758
7912
10228
11080
1094
2698
11084
888
2588
8518
956
2564
12296
96
11506
8508
3590
2490
3472
3404
1418
398
6906
8044
18
2522
354
8654
6450
5970
2888
4736
3468
8012
12220
5142
8166
11378
10954
3040
7536
8944
9562
3042
9410
3360
11946
634
9132
10510
4968
1658
10234
11034
654
3182
11626
4830
4870
7922
5948
2294
2838
7060
8120
1092
5246
6432
9802
8270
700
11902
276
9938
5434
6820
11386
8128
7012
6612
7548
6522
6406
2554
418
6178
5218
2728
2302
5072
4246
8324
1024
6360
1234
10054
9414
11884
11300
10900
5708
4578
924
5042
506
1510
9096
12272
8954
8418
6320
1720
10160
5292
7900
11118
7990
5474
10046
746
7234
4050
7576
726
784
4424
10492
9496
1182
10684
10570
11196
9364
5026
7616
798
7090
11404
9296
3248
758
12248
6106
8288
5612
1788
5780
6546
334
10994
7544
7064
316
7786
11660
1210
4978
3672
10180
9574
3936
1494
12030
4458
12162
8334
11418
8754
7462
2356
6044
3024
1848
6306
11716
12266
9404
9866
2530
10078
7096
914
4812
10070
8476
4762
9242
8050
5552
8462
8556
8478
10156
790
5008
10596
4718
42
2618
950
11000
4510
7698
9322
1528
2286
6914
38
11616
8056
7842
3714
7180
8218
10380
7934
288
9276
2514
10432
3104
9226
6892
2622
11750
5428
4564
10972
6492
12154
648
10778
7068
11576
1596
1762
2784
12268
352
996
2906
5838
7082
5450
11128
4444
1872
12088
6760
3546
7964
3438
2168
374
822
2112
10270
522
5740
1422
12044
3706
8598
1674
12156
5496
8734
3780
9320
5252
2574
8978
5184
3504
10456
6836
7250
4678
7478
5372
10378
10134
11504
5498
5720
3486
7632
8676
9222
10750
4658
6816
5084
4060
5100
3394
5044
2486
9012
9678
5320
9996
11764
11340
11182
4140
4506
682
4572
7722
4566
4098
4586
9122
8320
9340
9950
3622
5950
6594
6304
3460
11426
8356
4054
8684
10506
4276
2788
6588
8404
10314
9642
2644
6790
2314
752
232
7702
564
2862
9176
8336
10926
6042
11736
11012
9812
1768
5540
2910
3648
8250
7450
318
1242
606
5786
3582
7460
5242
3710
6030
6654
9036
2986
490
11832
8998
10658
1756
190
11246
8474
1000
4896
11054
112
5010
10268
11114
11424
8704
10502
8580
7172
2760
6954
12010
3032
1196
7658
8972
2418
3258
8346
11464
11830
3316
5808
7848
12354
11492
4930
9006
10440
11126
14
2138
11592
1752
8140
4470
3144
11882
9696
10080
10826
5192
5668
5836
10822
9864
7940
4792
1172
2308
3272
11828
4922
4462
8226
9106
3466
8064
6270
7582
1870
11068
6804
972
2436
5406
412
7316
7982
3186
10352
12378
1728
10422
2928
11478
9066
1116
1356
12138
3174
5518
8388
5638
2218
5286
8246
11599
12111
8827
2911
5657
1837
9149
2667
1205
2711
8683
5243
12131
8027
395
1845
12149
9345
4271
5375
11791
3109
11643
7923
3627
11715
3925
5925
3935
10655
3577
1869
137
6829
7543
10033
4375
8829
10445
4759
8987
7839
2457
10481
10419
6681
3487
10779
1197
5719
6377
3509
10739
7533
10479
5921
5257
6497
4477
7259
2827
12037
11473
1821
9123
7859
9783
3449
9381
529
3161
5871
2581
9781
371
797
3837
5407
1049
5965
11113
1231
7725
10491
2027
11713
9975
8459
9469
277
10661
8495
9901
12019
5511
6615
937
2487
7231
2931
4475
4815
6491
3817
3751
11873
633
6339
9117
2001
423
10235
2311
3703
7287
6649
1069
5367
5533
5937
12117
10929
6617
7981
8781
665
9643
10103
11855
987
3471
10993
5467
10425
10811
2715
905
5627
3561
3119
5763
9259
4795
5109
5241
1879
9507
11719
10783
4953
7815
8405
8073
5005
2345
8047
353
7629
10363
3039
5913
6357
1337
2207
4483
3885
7089
5981
5429
10185
3295
7329
3549
2847
9615
5847
11065
7001
475
2769
1579
4019
12189
6015
6827
11351
9609
5837
5033
4043
8357
757
6949
4083
9969
9201
361
5573
6369
2319
2877
9371
2335
11203
183
7139
4893
1983
8861
10247
5935
11957
6011
5401
4659
10595
2503
829
25
6253
10265
4901
4163
7677
10955
2247
12041
1513
5013
6005
9217
1213
11461
11369
6775
11053
7379
5791
2835
7253
5561
11439
4625
8741
7811
9575
8019
853
6579
8037
12123
2615
1775
11505
4817
7129
7557
2115
9751
327
10613
10787
9349
7363
2435
8199
2817
9053
6405
11673
3995
2707
8633
4029
8689
4103
7337
7717
9565
4843
12233
12031
5203
2043
1171
2495
10747
8469
6057
4941
11391
9405
651
7031
8071
917
613
879
4267
9721
11781
9687
5159
11929
2467
10837
9387
3153
2673
8549
11009
5943
791
4161
5363
355
11789
5297
10841
5425
6493
2365
11537
405
673
9597
4491
12395
11583
6347
5209
3249
4119
7425
699
9451
5441
11761
3111
10217
11773
12317
9599
4179
8513
10543
2891
9665
5669
10831
5597
6903
509
1119
4913
10987
5115
403
2185
10563
4089
141
6459
4457
1997
6585
4905
9467
10019
11307
4549
10407
8317
2379
8303
5805
10649
4241
10077
5697
6981
9203
2731
3081
12027
3061
12347
10589
1035
12045
4745
9521
875
1575
3723
8045
3851
231
5969
9325
12323
4409
9195
7251
6727
6871
10757
10173
8921
10257
12039
4479
9135
7297
4431
3429
2909
9107
7833
12223
10295
4003
9073
785
3103
1565
3895
9175
1415
4593
7893
9761
1745
6215
12215
1283
3853
11361
9549
865
755
5855
2413
9079
6111
10331
4689
2093
12385
6429
3983
1665
10875
8415
9249
1747
4309
11379
11865
9759
4547
8111
6507
9661
11617
1053
1715
12235
3185
7277
10689
309
3293
3977
8363
5685
747
6543
6449
5267
5721
5147
8777
9311
11235
3443
10389
1233
4735
537
5137
3871
10675
10759
5853
5505
3953
10145
5807
11777
10743
485
1169
5845
11109
6277
7485
8531
4841
2297
10111
5081
4969
147
11137
12253
1381
11989
6869
7935
4937
3545
11585
639
4223
3919
2469
1215
10277
7713
4281
10863
1015
10001
11665
3389
2079
4355
5471
11853
11411
8219
1359
10049
6907
5747
241
6395
10273
8161
3305
6685
11251
3641
11817
9051
5893
671
3613
7867
11101
4721
567
489
9065
11625
9829
1357
12219
6289
5975
8049
2395
3203
12225
1631
10317
5457
1597
7837
3219
7643
2721
6671
6299
1873
3053
11915
9711
3343
849
8749
3417
6387
2675
7345
4633
7047
4345
4147
8719
3635
715
11417
5635
7133
9279
9187
8871
12109
7371
7027
6825
5515
12195
2947
5919
3865
2293
9061
9161
2627
10261
9087
2249
7063
5671
743
10853
2519
3741
2857
2229
5001
8347
10585
8493
12121
221
5153
5475
12179
9239
5727
9363
1619
4105
10237
12273
3299
4207
7101
10507
11757
8167
2333
10621
10693
7049
2197
5621
1701
4177
713
4617
2411
1189
6733
4775
5355
11897
1161
2143
11721
8505
9153
11581
3537
4387
3341
6463
10149
2989
8905
8819
1323
629
3841
1307
10855
5977
4153
5435
5125
12085
11415
11463
299
6213
7501
7857
1501
1617
4737
4405
12239
8685
7517
425
4027
8517
3423
2349
11731
967
4417
11627
10503
7127
9931
6417
5369
10919
9637
2789
11485
235
9179
3623
5007
9727
2869
11759
11631
10263
2537
5333
6037
11695
8669
63
6123
473
8611
10125
8701
10253
543
6927
2139
11397
1461
9229
5897
2781
11927
4605
10159
5849
9099
3489
1123
779
10575
8379
1765
7369
8537
5091
11447
