1792
1406
4320
8646
8504
662
6898
674
3566
6680
1222
7834
11794
1980
11382
3358
384
6506
10984
210
5128
8026
230
488
5578
428
10942
3732
11836
11466
8286
2400
4422
8730
4428
776
3630
5906
514
5756
6410
11138
2902
9156
3976
5698
2030
1180
7242
846
5006
5964
3222
6220
6008
6348
132
10862
1946
8352
5182
7524
1546
8272
442
12224
11166
3126
7472
2632
8974
1150
12218
11292
9946
532
2484
11988
794
1714
5460
8964
8670
2762
3608
3076
6408
6484
48
780
8786
9358
6650
5170
7438
7958
9028
7886
2512
7214
458
1030
2850
11858
9760
2106
7700
4786
1228
11352
2944
12032
8836
7822
3184
7430
4434
10480
2686
9098
2094
2696
5148
8350
8470
2090
11918
7006
9452
8294
4040
1108
10194
3890
6756
9702
3592
7510
7634
7054
7614
11728
1812
7542
106
7100
11518
5828
12430
12130
9654
6850
620
9152
7166
6684
3588
2126
11186
7882
5236
8870
11308
8774
5914
2752
4502
590
11296
5682
4602
7678
7332
3470
2002
2472
7502
11458
11846
10336
10584
3564
3978
9412
11374
5032
6736
11240
3812
2794
8688
7486
11650
7374
1638
24
6316
6038
3116
10462
1850
838
9900
8382
6356
11890
2756
5388
1392
4674
2270
3802
2718
7224
2208
1534
8666
7568
12202
9050
11762
2842
10100
8544
9728
11756
12056
12310
4330
7600
502
10722
10466
5030
3816
11224
2584
6560
10712
2118
5826
11838
9348
8946
8738
3520
4204
9542
10056
2658
582
6198
7326
3172
1766
9548
4836
12058
3038
10632
7676
6004
9278
6626
10614
1976
6818
7728
1704
562
7270
548
8080
6838
2236
1582
2994
6536
4052
3276
1716
4912
1852
7550
856
6984
2690
8480
2804
1138
5678
7574
11700
7856
12398
2128
7024
11076
890
1618
8162
5548
12180
7108
878
6384
2586
11222
5666
1320
1322
2882
7358
1336
6608
2914
60
296
5262
8724
4488
9650
2936
6160
8000
4272
10430
2780
6048
11496
7772
8430
12242
10802
4334
1806
9056
10214
11520
6538
3240
11914
7956
8172
8500
9974
7048
8488
6702
6476
4976
12048
7432
9316
10592
2180
9686
12318
7474
9630
6920
1996
5446
11134
1230
7618
9722
4234
10164
5642
4526
3678
5848
1606
8076
6094
1416
12212
5860
4296
6374
400
5280
6452
3262
9894
11880
4706
7140
5696
6228
6436
6960
10668
1066
11786
6704
1022
6890
4410
5556
6716
2232
9920
3498
11824
10418
180
1688
11514
11022
1524
1760
11380
8864
11624
6500
556
10044
11100
4568
7136
7134
8652
966
10818
2060
1612
9916
11176
9468
9668
7938
8174
8708
4494
450
6964
4148
8496
11588
3252
10168
12140
3928
8468
1058
2836
8040
990
3986
1224
10650
3754
1672
7730
50
2358
1802
9174
1854
2878
1156
572
12206
7578
1894
250
4022
12230
3666
11402
4034
3264
8888
1666
7724
7508
8094
6336
84
6206
9528
8342
11658
750
1536
6200
9608
7400
8036
12424
802
6510
5544
9786
9976
10062
6032
8914
9396
12234
12094
9890
7480
1470
310
5298
9280
6272
6582
3684
7296
3102
10454
7672
11428
7014
3320
9196
3286
8004
8102
1600
9532
10534
3456
192
7944
11362
10864
9872
6034
3760
10580
774
2774
2668
6664
8400
8092
2368
8790
6748
2470
7716
44
2174
11948
818
632
10728
4814
7876
7366
11016
2548
9636
9262
5632
7580
11342
10988
10490
12432
2116
6852
234
5482
2990
6494
986
8746
2172
11328
6140
5146
11648
4964
4672
11410
11004
2708
1710
6180
10552
130
680
9480
2502
11608
12104
2526
4570
11216
6712
8446
6732
2806
1508
4300
5410
10746
4612
2282
10048
11570
1632
7654
8168
11696
7050
7466
3120
5324
1200
6104
11688
5120
11294
5984
6638
9114
3570
1086
12216
1220
9972
3376
7046
7794
28
9588
238
602
7106
10992
9552
2150
2044
5932
1130
1074
2592
8834
1016
10308
6624
6338
308
7758
12160
11808
8390
2604
1832
5714
1830
312
1362
10206
7340
3198
4176
8014
1742
9764
1264
714
2688
1564
10332
7644
10448
10022
4648
2876
1338
9628
2428
7198
4226
8434
5076
6366
2608
2
102
8310
420
10458
11532
9500
7850
8564
2130
8126
2384
11526
7088
8008
7910
5102
262
2680
2204
10276
3914
5318
1598
7328
10836
5670
498
3302
10240
9064
9124
7826
8452
94
3972
5962
3746
2048
5956
5166
2478
11366
4724
6386
9360
8664
1516
4214
814
168
6064
3528
7532
1386
10420
6096
10772
6068
12262
2546
272
10038
6968
2056
11490
8186
9260
7664
9486
11092
8420
6176
2920
333
4367
11441
9503
3241
10039
6983
5793
4189
5649
2091
8763
1737
2071
3695
4611
5261
9937
7509
289
1383
11871
8309
11275
4921
4285
9785
4939
3237
5191
12107
1149
5175
4797
4171
5479
6747
7995
8809
9103
5351
9353
5239
8499
3859
8737
7167
409
5085
381
6147
9981
10437
4871
7673
121
4985
597
7351
281
12249
1427
10371
2259
6199
7499
7295
911
12319
4551
8467
3189
7633
1995
3567
5647
6271
7481
7435
9753
7429
11167
481
7715
3469
377
5123
8345
6061
5715
6899
2917
10961
2637
4289
4151
3129
8117
9879
8993
1757
5787
4975
6041
9955
11047
2775
11869
3401
6397
4181
9735
10777
1073
11825
10885
9715
61
3381
8767
11433
7639
11033
1835
71
5397
749
9807
6845
11689
1867
7729
10007
2359
4473
1727
4041
9009
5661
12251
4875
9657
1089
1449
6087
10933
10365
5235
12101
3159
9713
11603
3231
5477
483
9841
4395
843
11967
8647
157
9559
87
10659
1153
33
10107
51
7775
11453
9699
7693
6125
3891
3757
6957
1155
12259
3763
6049
11651
8521
11535
1899
8229
5233
1795
5093
12115
5637
1959
3827
8233
11149
881
9587
6221
2189
10559
7825
7685
7393
6677
4643
8643
3765
679
8373
1593
2699
7579
939
1423
2103
8855
8165
5027
8427
3227
11005
8831
10851
7271
3617
249
12359
7841
9233
11517
4139
2547
11767
10579
5409
687
5815
10849
11467
8491
1127
9063
1217
8419
12157
7109
3683
2701
521
11995
2307
2813
81
9847
9933
1201
3419
9235
10607
7927
11429
2803
8179
5299
11147
9493
9037
3821
1625
11539
4499
9173
11067
453
10931
11845
5469
12399
8553
1373
7293
5045
7269
805
4195
8953
1603
11823
2331
4963
10093
5035
10115
12231
8097
11795
9897
8757
6759
10717
3579
12285
4915
8533
4667
1121
8607
8001
1627
11345
9193
2095
3029
2663
8401
8653
2761
7613
4097
6565
4233
3679
8159
7583
5279
1317
6809
945
10705
6535
8525
4517
1825
11199
4645
10475
5197
11931
8433
11753
549
10241
9121
6093
3157
3107
5295
5617
10355
8897
5075
6027
8743
4255
3393
5171
11087
3929
10903
4763
12057
3169
8615
8241
6523
7365
359
4851
2755
9225
6441
9871
8163
11605
9719
2559
9703
4001
8997
8133
12013
7519
1689
4993
10421
9097
7037
5901
6355
11449
6337
5193
10083
7093
9377
6517
11799
5667
9641
5371
9541
2099
5971
1827
12201
11021
3631
7925
12185
12283
7745
2431
7791
1371
5999
2953
5861
3937
2353
12409
2403
11993
2355
1207
4537
5049
7299
7753
11387
11515
10791
11703
1443
4081
5993
7621
9159
4333
6631
8447
11575
1447
11945
10781
269
9647
11333
8081
3883
9531
10965
6499
2577
3323
5911
12209
11705
11017
4919
6457
12137
907
10375
1055
579
4251
2669
4167
9047
8543
8925
1363
7531
7341
11525
1435
3715
4825
2429
8707
8845
1675
2523
1733
4069
1411
9115
6547
3933
11211
6267
10541
7953
9255
5619
3253
9273
2893
271
1209
683
10687
3289
417
12329
3359
6179
10923
11647
7189
6469
10569
8675
6757
4949
8455
6731
6597
2423
9923
4501
345
8761
12365
931
2069
3483
12099
9501
9985
4741
10055
8477
1957
199
1061
6539
4895
10625
10411
10891
2239
4859
8435
179
8299
2757
9475
7731
1135
12141
7389
11329
4325
11187
4543
4061
11305
2015
12159
10165
6471
1379
9881
3671
7535
4187
11669
5427
1853
399
10803
7961
7199
6333
4743
8333
5521
11385
5795
2829
6265
9791
7587
11797
7303
5413
5421
3735
7809
995
971
6853
11331
6709
1375
291
12265
7771
7985
6721
11015
8221
11073
2273
463
8265
2419
6309
4377
6003
7267
6549
5183
9863
3615
9675
11277
4121
4955
12129
7605
7247
6821
2709
5059
8935
129
9359
7225
1045
5347
1671
10551
5163
7879
3091
5531
1397
10467
7421
2693
2131
12325
387
8197
6627
7409
8261
9833
2237
5735
11801
795
4575
2927
8207
5187
5385
11567
10755
9533
9585
12089
7401
283
9035
10647
11743
5465
11151
7865
7275
11143
7237
9987
8369
2441
3559
9495
4529
8841
595
10809
11711
4337
2081
4263
11283
9817
7783
7283
2713
5023
4951
10127
5737
1985
9401
9275
6583
8775
7209
6217
759
6135
5103
3959
11263
8649
8457
1721
11837
3879
3337
1453
7963
6107
9435
10287
3909
515
6895
1391
7053
4629
9755
11319
7309
7599
8209
11317
8629
1545
9891
969
10275
5069
6891
1133
10243
9143
5829
6401
10879
8051
477
3023
447
9313
2443
10985
2845
6587
10815
11045
9423
2023
4615
547
1815
3079
4115
11193
2163
3263
10673
9001
6017
6787
2591
