256
11318
7130
4530
5648
918
9842
2568
7276
9488
8220
2746
10216
104
58
8124
356
2074
2374
610
11116
8524
7604
8994
10102
10372
3190
7282
5420
9068
10396
1256
410
1122
3870
1450
10698
4282
2864
3020
9692
4178
1478
9498
2252
11102
1288
11164
7278
11776
9204
1578
4780
8074
12300
7622
10830
5426
844
6224
11854
460
5738
11330
6154
11346
7916
3892
3658
5918
4768
3142
2154
5104
2724
9142
8536
10042
9860
2960
4038
6018
7382
11798
11564
5542
4186
9876
3432
3164
7202
7802
2964
5098
842
9704
2346
9732
2674
2250
1558
2444
9990
10742
464
11006
8378
12148
12390
1538
12066
7952
7762
8936
1204
6798
8290
1330
9712
3326
8982
10850
12018
3322
4202
5712
9392
1750
11414
6742
12046
5994
7102
3420
5394
2370
4900
5928
3656
10678
11956
6458
5858
692
6236
8566
4062
11060
9326
11560
5140
9982
10752
2430
6222
7348
10556
8464
6602
1082
2984
8630
7176
6698
1838
11656
2930
5986
8622
4150
7190
8618
4354
6246
8800
11698
4154
9402
4808
4986
8154
1992
10696
9342
6398
2058
5922
4326
9878
242
1466
3938
4960
3050
10610
8296
3874
5216
9672
12420
1860
3572
11442
3516
6784
4924
6414
7862
1952
3696
146
9354
2440
4128
5570
10010
5742
5746
8716
1266
7084
6568
5160
11032
3154
7908
4846
9714
1488
8802
10312
10354
11228
6646
4308
8796
10398
11800
5992
4552
7324
8200
7808
6980
5686
6750
10320
12362
2566
11208
5952
9394
9502
6046
11806
2434
5332
5462
12280
4582
5532
4316
4528
1044
166
422
10860
116
8840
6800
10316
11974
3764
11900
9230
12002
1214
1842
6584
194
8448
10252
5528
4216
9458
7352
1502
8088
7076
10400
8298
11170
4166
9240
716
3062
7840
7186
5588
138
10568
3950
4008
9580
3896
11014
9338
9454
4758
1448
3518
9898
1868
406
4412
8648
630
5876
5156
7718
5378
3128
9688
4604
862
9368
2966
4396
10526
8440
6708
3458
8602
3310
7596
5502
11788
5370
10364
9154
5440
10122
4722
11238
294
8032
688
11286
1062
6066
4946
5744
3708
8314
12380
7974
2066
6758
10572
1126
3202
9274
4656
3604
5982
11822
3724
2248
4460
2296
3362
8072
208
4962
6986
11646
5822
6814
9428
5022
8586
4360
7606
1794
5352
4916
3558
7416
3094
302
6548
11746
518
10790
11088
7330
8810
8118
2376
9324
2740
3028
1890
1590
9040
9892
2736
4864
4776
7796
12020
8196
9640
8772
10318
11720
6934
90
1990
10342
440
3098
2422
9144
8610
12422
9448
3634
1736
2258
12332
2628
9984
6668
1940
9442
5456
7394
11354
3364
8184
9744
3026
936
306
3296
9960
6172
5526
9182
2594
11552
1100
3958
6210
11958
1124
9814
12026
11058
11376
3716
9826
164
9344
5610
3230
1630
4518
120
4138
4954
6514
4994
1232
1476
850
72
7954
11500
9750
8578
4156
6700
4390
4872
1938
6158
4046
646
10058
4770
258
10326
7506
3170
3444
2280
56
2292
6746
10238
10486
8262
5934
1562
3288
3314
3640
5004
4400
4190
2254
11888
8414
10740
5090
4344
4542
11568
9236
6212
10638
10426
7204
11398
170
8832
8696
4630
4028
8084
6208
9558
1928
4544
5308
9954
5326
6616
5260
4094
8548
8694
11950
1440
1914
3918
8768
9228
10482
7424
9112
7930
1692
6982
9018
7868
9918
4376
3524
11894
7370
11904
12172
3796
4594
7588
1776
11848
7056
7216
11572
3330
8506
2164
3868
8372
9928
12412
6136
8160
11678
4096
9212
3214
10944
5576
3212
574
10956
6600
8620
10366
10310
10030
5512
8570
3530
11810
4878
1764
4548
3308
10
3138
6950
690
6972
9538
2792
8106
8192
10410
9720
252
8866
5620
6268
9540
1916
2072
4248
1700
5486
2612
6844
11422
10412
6250
11934
6992
7918
9554
11468
7570
5224
8472
12118
8872
672
7346
3436
292
10726
10406
12014
6416
9432
8502
2186
5314
2038
378
5330
10754
358
6918
10478
98
6314
7402
11896
9710
7162
10090
6846
9600
4224
8370
2634
1046
11274
2666
2884
3464
3728
2024
5792
10258
11954
8224
4144
2934
5736
10188
5664
1822
9000
1034
1110
7540
7666
884
1662
9810
274
4288
9522
12204
4490
4618
964
5082
9546
6232
658
1886
4280
11534
7164
12334
10052
9184
10730
12132
8760
2464
10780
4754
4628
4696
448
8656
124
5180
4188
10906
650
12188
9016
11498
902
1158
2900
12302
8606
4670
1190
1132
7656
10838
7662
7878
10656
4746
8576
10032
7288
10136
4690
9208
2896
10920
748
7022
4278
882
8956
7960
11078
5204
11730
8852
4124
778
2518
8365
4791
9111
5579
5903
2821
11809
4349
2505
7915
3611
9993
12345
4513
1347
2611
6295
9027
2897
9151
6989
11887
5689
815
10665
3365
2221
827
3551
861
6561
1369
10071
8735
9505
8143
10509
10667
7193
4435
1731
10861
8969
5359
8349
4567
8511
7657
10633
12341
7145
2873
7191
457
2529
4137
8677
4695
1263
8399
1295
5653
9667
5535
4599
9271
7183
10745
7835
11639
3547
7761
5759
7971
12213
8321
3321
8191
5625
17
2957
8657
6923
2117
7325
207
3031
3291
4305
4909
11323
5411
5389
2491
7317
7107
4979
10907
12221
1739
3957
6607
2613
11139
9763
6443
11983
2653
1279
10883
3137
5645
10513
7061
5491
6153
11947
5813
8957
10333
1939
3753
4303
10431
3951
2543
8389
2597
8351
7121
11195
6643
1753
10281
7547
6857
3147
8915
11571
1523
7795
11399
7273
10515
4739
12309
5713
1507
8949
8731
4203
6571
3311
4709
2113
6705
11821
5691
5549
2195
6875
8475
7399
1533
5399
2727
6897
7143
10205
9695
8859
5151
4539
867
3515
37
11531
9839
12153
3667
11041
3461
7491
223
4867
6771
9355
3811
3535
8745
5305
11963
13
10915
11401
8605
337
11863
1785
4981
5253
957
6327
11443
12091
11895
5445
7593
5541
341
6525
889
5947
3447
8319
11423
11587
10461
7887
2753
6255
1011
247
9011
2389
3187
6823
2155
1863
11341
307
2183
11717
3505
165
4879
3167
8691
3301
7381
5741
10963
11555
5307
1261
8951
4023
6745
1679
7391
11177
7201
11829
6623
4397
2051
5831
10469
7311
2083
10627
8603
9909
3357
11451
7989
5499
10839
6085
8067
539
6281
4783
10545
6315
5431
8637
11019
773
645
11883
5891
6129
5989
887
5749
441
7571
3437
2067
10501
10711
10697
1183
3215
10359
119
3155
5437
3519
3955
10067
2397
5173
9543
1651
1551
6635
1955
8805
8823
7567
9515
2165
8941
3661
3873
9789
3459
4907
1941
12431
8439
9375
637
4053
3725
8999
5449
1451
4237
11089
243
7151
6769
10085
357
2809
9723
8769
8655
8135
10199
2219
4757
5707
4829
10845
10635
9621
8981
2329
7029
1749
6695
6445
9283
11901
1033
11877
9919
4185
2621
725
3651
1573
2681
11205
2175
9209
1285
10381
1259
6201
4705
11241
6619
10761
5907
5051
7021
12035
11529
7757
7185
7415
1007
8205
897
11427
4997
11685
10123
7359
3775
12287
1659
4877
1013
6385
9369
8083
4991
4391
7813
3499
4239
8579
2401
9285
4863
2031
901
2833
2943
6511
8937
3163
5179
1613
3077
8451
6881
6965
7507
11343
8645
7549
9899
6589
1517
5769
8659
1705
8305
9237
4933
9241
10351
3361
3247
1327
11973
9391
1159
1673
2717
3917
255
1063
9949
1783
4297
8591
11185
11091
10443
4647
11133
4707
12071
3433
6361
2009
9589
3145
1847
9813
1897
9717
10769
9765
3525
8967
6103
4005
5273
8385
6529
7431
8339
1111
819
10833
8063
11511
2149
4931
933
3467
9085
3315
685
2399
5683
5087
3555
10707
10959
5991
1103
11405
4723
10339
4193
6181
11985
3987
11337
9779
10053
2625
1813
6877
9927
8145
10713
8007
7777
1919
10011
2369
2553
7171
11961
9455
11671
7739
4713
8857
1387
389
783
10641
11975
11437
2235
5881
1875
919
891
3465
3815
8279
4481
4225
2323
8811
8003
6483
1405
7551
12087
1661
9797
4595
5119
3831
10169
3795
2807
6741
2969
8881
8765
10703
2659
467
437
9443
2437
3257
9953
9013
11663
1471
2785
8895
5985
4773
6053
9659
12321
11161
2541
5145
1107
3099
2177
2181
6473
6953
1859
227
9277
7117
12247
6577
8173
5513
8873
11435
3673
9551
4889
3
10323
11677
12029
4291
7555
7863
5071
11933
1211
10025
1629
11107
9737
5301
6409
8383
7285
27
4489
10793
10619
3387
5041
4249
7207
2485
10449
7765
1059
4557
263
8907
201
4623
8593
10753
1993
4465
2375
8815
6421
8323
10259
2565
2643
12269
4381
6249
2639
3051
9393
6303
599
6887
4573
5083
5879
9227
7153
4063
737
8429
491
7705
4299
6763
7625
11857
3001
3427
10151
11129
7439
6269
1167
4009
1763
3593
7967
6073
5675
1143
11941
4369
7983
5611
835
10521
5927
2017
5227
1165
7265
1275
12429
10531
10749
2763
7289
8589
5895
10887
3503
9489
4651
1819
8865
9767
6973
927
3371
7125
4439
12421
2899
1751
8297
3571
3717
12055
315
9291
12245
12297
9869
3475
191
9473
11297
3523
11249
10059
9915
9851
8295
5677
5799
2677
975
7447
11979
10379
2107
4231
609
3773
6971
6655
1521
1175
3697
11131
11613
977
