824
8912
6932
2256
9032
10784
11542
5116
12256
7790
10966
1104
1378
16
6174
2550
12096
6370
7436
4608
9824
8122
6446
5506
11394
9202
11326
1682
5618
8818
2610
3568
2790
5590
5816
3238
3934
9078
4476
5626
6828
8920
7196
6288
11952
4730
6970
486
12000
10962
11558
11344
3506
6690
6184
6930
6376
10388
1866
8422
9742
1826
11708
4688
4372
4826
4756
864
8208
70
768
8384
1492
3744
2606
12064
4076
10640
2372
8410
10890
12
3160
8052
2520
8482
954
10514
446
10086
1136
10118
9474
800
11150
2800
11178
7246
4990
5418
1498
8386
808
3786
4044
6596
2826
6022
712
3554
10436
6952
4014
10504
1834
2414
11960
2972
1174
6474
11218
8984
5088
12308
3192
4914
3410
696
12198
11310
6622
2802
6418
2394
8560
12136
8110
10870
11106
3880
10666
3536
6478
11156
5274
9352
1252
5534
6088
3010
4540
5310
3550
7736
8904
7546
8216
940
6688
2938
2192
5706
10170
1540
12060
1012
1798
3686
6874
10298
872
10612
6098
5608
836
9524
6130
11456
10066
3090
10902
2750
7660
5564
11250
6448
8438
11210
3442
1954
7818
5344
3690
9294
1480
7124
12236
5868
12022
9818
576
4908
11862
5134
734
2534
1218
5594
11470
10126
1076
5266
6628
11450
7554
6780
8722
3638
2320
11544
12276
2340
1038
11740
6080
1164
3034
7182
3864
6752
6396
9304
6630
11966
2260
1610
9784
3228
2318
1286
2050
6672
10402
3922
12284
8880
6274
9318
7942
7652
11540
874
8432
10464
4942
982
10512
1542
4162
7898
6040
1414
12344
4750
7468
578
6676
7208
10964
5438
2328
2764
5790
2796
8642
938
11774
6342
6108
10012
10158
11334
2110
6194
142
11636
8634
9120
2544
1548
6722
5212
7704
11236
4844
11510
10050
214
9838
3354
8498
6372
5264
7116
1102
3664
11214
1482
11392
4842
4918
2408
5772
12114
7636
2596
8360
1620
2212
4090
6564
8038
11258
4700
2240
8698
484
8116
1358
5574
3618
9372
1544
12168
3246
2144
12100
3704
8138
8628
4800
3250
1738
11044
1530
12238
1096
4298
7362
968
8306
820
2808
3488
628
3284
12106
184
11338
3830
7378
7268
718
11706
3298
8170
11332
11360
10620
10334
6634
8268
9816
1902
7070
1588
2402
10550
952
7694
5872
5832
4082
2830
9884
11336
1436
8108
140
7872
4732
9406
9400
11630
10408
9566
7104
9586
9820
11528
2730
7150
5254
8848
10438
7962
1300
3140
8958
8554
2638
8362
8758
20
5458
4456
7490
8484
4108
3014
1216
1634
3738
2032
1782
11930
5656
8248
7094
9298
11574
2970
8552
10762
10582
6442
1974
4440
2562
11814
9796
6658
2820
1304
5452
7748
2768
11996
12326
3882
722
624
9746
6294
7356
5356
1112
5938
1160
8258
8824
10162
6556
1608
1824
10886
8692
3920
8966
6942
4468
2438
9856
2558
3998
11566
3804
3930
7520
9590
4798
11384
4862
8702
11122
1584
4266
7828
8820
2278
4388
5930
8784
9560
5494
8358
9806
9482
7744
1464
2456
10256
6526
11842
7534
1262
2494
9384
11064
4386
10236
11780
10820
6720
10444
4974
268
2860
8264
392
7292
2626
216
9534
6724
7110
11400
266
2012
4720
100
7218
7454
10266
1366
6328
3146
12012
3492
5392
7688
4454
3234
10660
1988
11876
1444
3984
7038
9626
5640
3742
8878
5000
9476
7286
8930
4662
12396
8244
6572
3628
8158
9736
4232
2146
6086
528
772
3792
3956
4304
11248
4160
5186
11964
1292
1236
4504
6636
9520
5294
2572
4348
9170
11120
2684
3734
4902
2978
6134
9382
300
2640
188
10720
3926
9618
10854
10630
908
162
10796
10284
7528
5290
5718
7712
4256
546
7152
9698
2228
12406
8070
7852
1958
176
5690
4558
4352
1376
11268
11434
4306
1282
7720
7302
4284
1694
2246
11906
3382
5728
7950
9906
7920
6470
1078
9606
4784
9912
11768
4944
10910
1774
10108
2362
1152
738
1500
2488
3200
4802
10560
2378
10082
11984
5864
2600
8614
11132
6284
2848
11280
2194
8812
7726
11056
3268
284
4698
12294
5624
1316
12184
7846
3810
6124
6824
9438
6574
2828
5782
9888
782
6862
1254
3236
9652
260
10166
1352
2316
254
6830
11784
10222
5784
10976
6694
3016
40
4002
3378
8344
1888
8198
8492
3562
108
6810
1054
11766
12376
10472
322
7230
11942
3526
616
7998
11112
1020
6580
9466
6444
6188
5524
4856
1678
11734
10208
7258
5910
7146
9058
3670
218
5628
10278
4152
5600
4442
7630
11512
3522
3052
282
5764
3046
5908
3372
684
3636
5296
4380
11868
228
9100
5863
1549
8487
1871
5225
12271
4701
10519
7073
9213
12081
4211
7933
4257
10495
8177
275
5383
11431
2493
173
11707
45
9395
4199
3273
1137
5135
11475
11085
12049
1977
2209
2685
2979
10167
3619
6035
5783
189
5933
6575
11295
3687
2521
8709
1255
10943
1719
7305
6889
2867
1445
7307
4855
6059
5017
6335
9527
6691
7261
10473
1393
2991
11165
4469
993
8023
909
2157
4293
6699
8441
943
8625
2425
8123
11749
2863
11421
5643
12163
8663
4535
833
9137
9725
1299
6081
6669
1463
5079
3397
1907
7845
9247
7623
10255
6413
7817
6393
2795
8971
1981
11267
11037
4683
2735
8103
9303
11725
4725
9619
1657
5195
965
7009
5885
3971
593
5633
1729
8929
2255
1147
8069
6909
10095
3127
8091
8567
1115
2703
1269
9729
9223
4799
5821
10611
11063
5953
9307
10601
5067
6847
847
9093
4787
3309
8961
6119
12371
11805
7387
11833
10731
9459
11557
8413
9419
5451
1277
2851
3685
3653
1791
6913
10829
3905
10457
11051
6141
9913
7059
4761
9799
6663
2287
1759
3979
105
1717
9757
8151
2999
1031
7323
11093
10289
557
535
505
4033
2153
8075
3863
4541
5559
3087
2915
7701
7417
12043
349
3275
3073
11303
8965
383
10391
11029
11551
6987
9145
7413
6917
6389
11579
8425
6723
5859
1655
11991
2277
2285
6161
11965
3807
10453
7793
2531
9821
6559
1429
2377
9125
7891
3603
7043
11457
6149
2325
4047
7083
11175
6313
9463
5655
6307
3985
5493
4819
7263
9337
6629
7911
2619
2463
3771
11075
4861
2223
7065
2941
2275
215
1043
10629
2025
649
2145
9941
4835
1723
9603
9571
7769
6159
3375
3495
9925
1029
5047
959
7213
12369
973
2585
1877
6325
12289
949
5659
4099
4999
7565
439
7843
293
4341
5803
10587
7205
4657
6187
9999
3307
9485
95
7173
6319
11687
11629
3339
10269
5329
5185
9685
8889
8203
3235
8223
2433
3101
347
5775
123
11903
3691
1437
2417
10727
8361
9739
11667
9883
1927
2779
9557
9567
12167
1761
5327
9649
4793
3239
5281
2041
11255
2205
1203
10041
5113
9211
2811
1191
11675
675
733
2777
6273
3261
7847
11733
9605
4729
5605
7919
6867
185
8919
4343
8397
9017
4259
9939
6285
6933
10735
1185
3407
6331
8407
11217
501
11287
2357
2961
7909
9573
2171
5887
10031
4191
7175
393
2341
279
8393
3993
3533
2907
2557
2007
7489
3605
7831
9627
11309
2137
11171
3211
8141
8335
9267
4389
2955
9731
6437
837
1901
12075
8395
11479
7119
4471
12357
8225
4045
8821
3787
10441
5771
583
4227
787
8131
10303
1503
5751
11403
12267
3285
6143
8025
1771
7319
2645
1291
10493
7457
5417
1969
5037
8963
1607
3597
8509
1385
1017
8403
167
8283
2689
9683
2571
10101
6419
7331
1221
113
8789
5563
7079
741
4007
10211
8807
5309
3739
445
7611
1961
5255
9481
7913
3279
7461
7015
2003
9853
10367
10979
4509
6305
5453
10133
2147
10155
11683
5149
375
6725
9
11145
5337
10385
2647
5869
10301
2111
11559
4059
2351
4619
12177
9635
11847
851
9617
6261
9967
10091
3749
711
3587
2385
10505
6403
3801
12205
9499
511
3721
899
5825
1267
12197
11381
8119
9697
4865
7747
3621
8559
7823
12133
10593
11939
8421
10957
1025
6777
7631
10899
2975
11285
655
4847
2853
4957
1113
9383
6735
471
11471
7479
8609
1249
3655
1057
12135
6719
3353
10483
1067
1179
2299
2593
47
793
2595
4085
8893
12295
12173
4755
9517
5285
2623
11231
3035
10121
3331
3095
11509
7875
8801
7385
3125
5155
11001
8187
1377
7755
5591
8883
2173
9581
941
5503
11487
6801
721
4833
8563
3027
7687
4113
9945
9367
9127
5905
8755
5983
9887
697
9043
7741
3583
761
6979
8011
4639
9795
5265
11997
5463
3297
3513
10799
7655
4175
8713
11597
4107
6023
6427
3707
3411
12351
2125
6785
4463
1131
8917
10643
2849
10925
2513
6929
3439
2739
5377
561
2995
8065
6131
1403
8105
863
8909
3097
12183
6977
2121
8681
6939
9323
12017
6833
7749
11269
5575
8231
1989
2201
2373
12397
10699
6555
12367
10227
4493
5485
4669
7617
7959
10847
6569
6625
7103
9425
3055
6879
9163
9427
5483
1645
7819
4421
2525
12407
9971
9205
9075
4577
11371
10897
789
1251
11609
1885
12355
9631
1933
587
6025
407
8979
3067
9287
10075
12301
11905
9679
3793
8697
10583
7763
10763
10307
1569
3789
6047
10193
5167
5729
8483
10345
961
9741
323
8277
525
585
7889
5945
1779
11615
9141
2983
6209
10637
6753
1117
